conf.HRIR.posCar = [0 0.766044443118978 -0.642787609686539;-0.0800734484339521 0.761847971507019 -0.642787609686539;-0.172322505153873 0.746410773670208 -0.642787609686539;-0.249399675578406 0.724309250703628 -0.642787609686539;-0.335811781021467 0.688516184675898 -0.642787609686539;-0.405941707667544 0.649642531558259 -0.642787609686539;-0.482087388505190 0.595328345266468 -0.642787609686539;-0.541675220419702 0.541675220419702 -0.642787609686539;-0.595328345266468 0.482087388505190 -0.642787609686539;-0.649642531558259 0.405941707667544 -0.642787609686539;-0.688516184675898 0.335811781021467 -0.642787609686539;-0.724309250703628 0.249399675578406 -0.642787609686539;-0.746410773670208 0.172322505153873 -0.642787609686539;-0.761847971507019 0.0800734484339521 -0.642787609686539;-0.766044443118978 0 -0.642787609686539;-0.761847971507019 -0.0800734484339521 -0.642787609686539;-0.746410773670208 -0.172322505153873 -0.642787609686539;-0.724309250703628 -0.249399675578406 -0.642787609686539;-0.688516184675898 -0.335811781021467 -0.642787609686539;-0.649642531558259 -0.405941707667544 -0.642787609686539;-0.595328345266468 -0.482087388505190 -0.642787609686539;-0.541675220419702 -0.541675220419702 -0.642787609686539;-0.482087388505190 -0.595328345266468 -0.642787609686539;-0.405941707667544 -0.649642531558259 -0.642787609686539;-0.335811781021467 -0.688516184675898 -0.642787609686539;-0.249399675578406 -0.724309250703628 -0.642787609686539;-0.172322505153873 -0.746410773670208 -0.642787609686539;-0.0800734484339521 -0.761847971507019 -0.642787609686539;0 -0.766044443118978 -0.642787609686539;0 0.866025403784439 -0.500000000000000;-0.0905243046083365 0.861281226008774 -0.500000000000000;-0.180056805991955 0.847100670886274 -0.500000000000000;-0.267616567329817 0.823639103546332 -0.500000000000000;-0.352244265553647 0.791153573830373 -0.500000000000000;-0.433012701892219 0.750000000000000 -0.500000000000000;-0.509036960455127 0.700629269222037 -0.500000000000000;-0.579484103556457 0.643582297554377 -0.500000000000000;-0.643582297554377 0.579484103556457 -0.500000000000000;-0.700629269222037 0.509036960455127 -0.500000000000000;-0.750000000000000 0.433012701892219 -0.500000000000000;-0.791153573830373 0.352244265553647 -0.500000000000000;-0.823639103546332 0.267616567329817 -0.500000000000000;-0.847100670886274 0.180056805991955 -0.500000000000000;-0.861281226008774 0.0905243046083365 -0.500000000000000;-0.866025403784439 0 -0.500000000000000;-0.861281226008774 -0.0905243046083365 -0.500000000000000;-0.847100670886274 -0.180056805991955 -0.500000000000000;-0.823639103546332 -0.267616567329817 -0.500000000000000;-0.791153573830373 -0.352244265553647 -0.500000000000000;-0.750000000000000 -0.433012701892219 -0.500000000000000;-0.700629269222037 -0.509036960455127 -0.500000000000000;-0.643582297554377 -0.579484103556457 -0.500000000000000;-0.579484103556457 -0.643582297554377 -0.500000000000000;-0.509036960455127 -0.700629269222037 -0.500000000000000;-0.433012701892219 -0.750000000000000 -0.500000000000000;-0.352244265553647 -0.791153573830373 -0.500000000000000;-0.267616567329817 -0.823639103546332 -0.500000000000000;-0.180056805991955 -0.847100670886274 -0.500000000000000;-0.0905243046083365 -0.861281226008774 -0.500000000000000;0 -0.866025403784439 -0.500000000000000;0 0.939692620785908 -0.342020143325669;-0.0818996083190893 0.936116806662859 -0.342020143325669;-0.163175911166535 0.925416578398323 -0.342020143325669;-0.243210346801694 0.907673371190369 -0.342020143325669;-0.321393804843270 0.883022221559489 -0.342020143325669;-0.397131261967103 0.851650739639147 -0.342020143325669;-0.469846310392954 0.813797681349374 -0.342020143325669;-0.538985544695756 0.769751131320057 -0.342020143325669;-0.604022773555054 0.719846310392954 -0.342020143325669;-0.664463024388675 0.664463024388675 -0.342020143325669;-0.719846310392954 0.604022773555054 -0.342020143325669;-0.769751131320057 0.538985544695756 -0.342020143325669;-0.813797681349374 0.469846310392954 -0.342020143325669;-0.851650739639147 0.397131261967103 -0.342020143325669;-0.883022221559489 0.321393804843270 -0.342020143325669;-0.907673371190369 0.243210346801694 -0.342020143325669;-0.925416578398323 0.163175911166535 -0.342020143325669;-0.936116806662859 0.0818996083190893 -0.342020143325669;-0.939692620785908 0 -0.342020143325669;-0.936116806662859 -0.0818996083190893 -0.342020143325669;-0.925416578398323 -0.163175911166535 -0.342020143325669;-0.907673371190369 -0.243210346801694 -0.342020143325669;-0.883022221559489 -0.321393804843270 -0.342020143325669;-0.851650739639147 -0.397131261967103 -0.342020143325669;-0.813797681349374 -0.469846310392954 -0.342020143325669;-0.769751131320057 -0.538985544695756 -0.342020143325669;-0.719846310392954 -0.604022773555054 -0.342020143325669;-0.664463024388675 -0.664463024388675 -0.342020143325669;-0.604022773555054 -0.719846310392954 -0.342020143325669;-0.538985544695756 -0.769751131320057 -0.342020143325669;-0.469846310392954 -0.813797681349374 -0.342020143325669;-0.397131261967103 -0.851650739639147 -0.342020143325669;-0.321393804843270 -0.883022221559489 -0.342020143325669;-0.243210346801694 -0.907673371190369 -0.342020143325669;-0.163175911166535 -0.925416578398323 -0.342020143325669;-0.0818996083190893 -0.936116806662859 -0.342020143325669;0 -0.939692620785908 -0.342020143325669;0 0.984807753012208 -0.173648177666930;-0.0858316511774313 0.981060262190407 -0.173648177666930;-0.171010071662834 0.969846310392954 -0.173648177666930;-0.254887002244179 0.951251242564198 -0.173648177666930;-0.336824088833465 0.925416578398323 -0.173648177666930;-0.416197740726783 0.892538935289030 -0.173648177666930;-0.492403876506104 0.852868531952443 -0.173648177666930;-0.564862521463623 0.806707284111599 -0.173648177666930;-0.633022221559489 0.754406506735489 -0.173648177666930;-0.696364240320019 0.696364240320019 -0.173648177666930;-0.754406506735489 0.633022221559489 -0.173648177666930;-0.806707284111599 0.564862521463623 -0.173648177666930;-0.852868531952443 0.492403876506104 -0.173648177666930;-0.892538935289030 0.416197740726783 -0.173648177666930;-0.925416578398323 0.336824088833465 -0.173648177666930;-0.951251242564198 0.254887002244179 -0.173648177666930;-0.969846310392954 0.171010071662834 -0.173648177666930;-0.981060262190407 0.0858316511774313 -0.173648177666930;-0.984807753012208 0 -0.173648177666930;-0.981060262190407 -0.0858316511774313 -0.173648177666930;-0.969846310392954 -0.171010071662834 -0.173648177666930;-0.951251242564198 -0.254887002244179 -0.173648177666930;-0.925416578398323 -0.336824088833465 -0.173648177666930;-0.892538935289030 -0.416197740726783 -0.173648177666930;-0.852868531952443 -0.492403876506104 -0.173648177666930;-0.806707284111599 -0.564862521463623 -0.173648177666930;-0.754406506735489 -0.633022221559489 -0.173648177666930;-0.696364240320019 -0.696364240320019 -0.173648177666930;-0.633022221559489 -0.754406506735489 -0.173648177666930;-0.564862521463623 -0.806707284111599 -0.173648177666930;-0.492403876506104 -0.852868531952443 -0.173648177666930;-0.416197740726783 -0.892538935289030 -0.173648177666930;-0.336824088833465 -0.925416578398323 -0.173648177666930;-0.254887002244179 -0.951251242564198 -0.173648177666930;-0.171010071662834 -0.969846310392954 -0.173648177666930;-0.0858316511774313 -0.981060262190407 -0.173648177666930;0 -0.984807753012208 -0.173648177666930;0 1 0;-0.0871557427476582 0.996194698091746 0;-0.173648177666930 0.984807753012208 0;-0.258819045102521 0.965925826289068 0;-0.342020143325669 0.939692620785908 0;-0.422618261740699 0.906307787036650 0;-0.500000000000000 0.866025403784439 0;-0.573576436351046 0.819152044288992 0;-0.642787609686539 0.766044443118978 0;-0.707106781186548 0.707106781186548 0;-0.766044443118978 0.642787609686539 0;-0.819152044288992 0.573576436351046 0;-0.866025403784439 0.500000000000000 0;-0.906307787036650 0.422618261740699 0;-0.939692620785908 0.342020143325669 0;-0.965925826289068 0.258819045102521 0;