conf.HRIR.posSph = [
1, 000, -40;
1, 006, -40;
1, 013, -40;
1, 019, -40;
1, 026, -40;
1, 032, -40;
1, 039, -40;
1, 045, -40;
1, 051, -40;
1, 058, -40;
1, 064, -40;
1, 071, -40;
1, 077, -40;
1, 084, -40;
1, 090, -40;
1, 096, -40;
1, 103, -40;
1, 109, -40;
1, 116, -40;
1, 122, -40;
1, 129, -40;
1, 135, -40;
1, 141, -40;
1, 148, -40;
1, 154, -40;
1, 161, -40;
1, 167, -40;
1, 174, -40;
1, 180, -40;
1, 000, -30;
1, 006, -30;
1, 012, -30;
1, 018, -30;
1, 024, -30;
1, 030, -30;
1, 036, -30;
1, 042, -30;
1, 048, -30;
1, 054, -30;
1, 060, -30;
1, 066, -30;
1, 072, -30;
1, 078, -30;
1, 084, -30;
1, 090, -30;
1, 096, -30;
1, 102, -30;
1, 108, -30;
1, 114, -30;
1, 120, -30;
1, 126, -30;
1, 132, -30;
1, 138, -30;
1, 144, -30;
1, 150, -30;
1, 156, -30;
1, 162, -30;
1, 168, -30;
1, 174, -30;
1, 180, -30;
1, 000, -20;
1, 005, -20;
1, 010, -20;
1, 015, -20;
1, 020, -20;
1, 025, -20;
1, 030, -20;
1, 035, -20;
1, 040, -20;
1, 045, -20;
1, 050, -20;
1, 055, -20;
1, 060, -20;
1, 065, -20;
1, 070, -20;
1, 075, -20;
1, 080, -20;
1, 085, -20;
1, 090, -20;
1, 095, -20;
1, 100, -20;
1, 105, -20;
1, 110, -20;
1, 115, -20;
1, 120, -20;
1, 125, -20;
1, 130, -20;
1, 135, -20;
1, 140, -20;
1, 145, -20;
1, 150, -20;
1, 155, -20;
1, 160, -20;
1, 165, -20;
1, 170, -20;
1, 175, -20;
1, 180, -20;
1, 000, -10;
1, 005, -10;
1, 010, -10;
1, 015, -10;
1, 020, -10;
1, 025, -10;
1, 030, -10;
1, 035, -10;
1, 040, -10;
1, 045, -10;
1, 050, -10;
1, 055, -10;
1, 060, -10;
1, 065, -10;
1, 070, -10;
1, 075, -10;
1, 080, -10;
1, 085, -10;
1, 090, -10;
1, 095, -10;
1, 100, -10;
1, 105, -10;
1, 110, -10;
1, 115, -10;
1, 120, -10;
1, 125, -10;
1, 130, -10;
1, 135, -10;
1, 140, -10;
1, 145, -10;
1, 150, -10;
1, 155, -10;
1, 160, -10;
1, 165, -10;
1, 170, -10;
1, 175, -10;
1, 180, -10;
1, 000, 0;
1, 005, 0;
1, 010, 0;
1, 015, 0;
1, 020, 0;
1, 025, 0;
1, 030, 0;
1, 035, 0;
1, 040, 0;
1, 045, 0;
1, 050, 0;
1, 055, 0;
1, 060, 0;
1, 065, 0;
1, 070, 0;
1, 075, 0;
1, 080, 0;
1, 085, 0;
1, 090, 0;
1, 095, 0;
1, 100, 0;
1, 105, 0;
1, 110, 0;
1, 115, 0;
1, 120, 0;
1, 125, 0;
1, 130, 0;
1, 135, 0;
1, 140, 0;
1, 145, 0;
1, 150, 0;
1, 155, 0;
1, 160, 0;
1, 165, 0;
1, 170, 0;
1, 175, 0;
1, 180, 0;
1, 000, 10;
1, 005, 10;
1, 010, 10;
1, 015, 10;
1, 020, 10;
1, 025, 10;
1, 030, 10;
1, 035, 10;
1, 040, 10;
1, 045, 10;
1, 050, 10;
1, 055, 10;
1, 060, 10;
1, 065, 10;
1, 070, 10;
1, 075, 10;
1, 080, 10;
1, 085, 10;
1, 090, 10;
1, 095, 10;
1, 100, 10;
1, 105, 10;
1, 110, 10;
1, 115, 10;
1, 120, 10;
1, 125, 10;
1, 130, 10;
1, 135, 10;
1, 140, 10;
1, 145, 10;
1, 150, 10;
1, 155, 10;
1, 160, 10;
1, 165, 10;
1, 170, 10;
1, 175, 10;
1, 180, 10;
1, 000, 20;
1, 005, 20;
1, 010, 20;
1, 015, 20;
1, 020, 20;
1, 025, 20;
1, 030, 20;
1, 035, 20;
1, 040, 20;
1, 045, 20;
1, 050, 20;
1, 055, 20;
1, 060, 20;
1, 065, 20;
1, 070, 20;
1, 075, 20;
1, 080, 20;
1, 085, 20;
1, 090, 20;
1, 095, 20;
1, 100, 20;
1, 105, 20;
1, 110, 20;
1, 115, 20;
1, 120, 20;
1, 125, 20;
1, 130, 20;
1, 135, 20;
1, 140, 20;
1, 145, 20;
1, 150, 20;
1, 155, 20;
1, 160, 20;
1, 165, 20;
1, 170, 20;
1, 175, 20;
1, 180, 20;
1, 000, 30;
1, 006, 30;
1, 012, 30;
1, 018, 30;
1, 024, 30;
1, 030, 30;
1, 036, 30;
1, 042, 30;
1, 048, 30;
1, 054, 30;
1, 060, 30;
1, 066, 30;
1, 072, 30;
1, 078, 30;
1, 084, 30;
1, 090, 30;
1, 096, 30;
1, 102, 30;
1, 108, 30;
1, 114, 30;
1, 120, 30;
1, 126, 30;
1, 132, 30;
1, 138, 30;
1, 144, 30;
1, 150, 30;
1, 156, 30;
1, 162, 30;
1, 168, 30;
1, 174, 30;
1, 180, 30;
1, 000, 40;
1, 006, 40;
1, 013, 40;
1, 019, 40;
1, 026, 40;
1, 032, 40;
1, 039, 40;
1, 045, 40;
1, 051, 40;
1, 058, 40;
1, 064, 40;
1, 071, 40;
1, 077, 40;
1, 084, 40;
1, 090, 40;
1, 096, 40;
1, 103, 40;
1, 109, 40;
1, 116, 40;
1, 122, 40;
1, 129, 40;
1, 135, 40;
1, 141, 40;
1, 148, 40;
1, 154, 40;
1, 161, 40;
1, 167, 40;
1, 174, 40;
1, 180, 40;
1, 000, 50;
1, 008, 50;
1, 016, 50;
1, 024, 50;
1, 032, 50;
1, 040, 50;
1, 048, 50;
1, 056, 50;
1, 064, 50;
1, 072, 50;
1, 080, 50;
1, 088, 50;
1, 096, 50;
1, 104, 50;
1, 112, 50;
1, 120, 50;
1, 128, 50;
1, 136, 50;
1, 144, 50;
1, 152, 50;
1, 160, 50;
1, 168, 50;
1, 176, 50;
1, 000, 60;
1, 010, 60;
1, 020, 60;
1, 030, 60;
1, 040, 60;
1, 050, 60;
1, 060, 60;
1, 070, 60;
1, 080, 60;
1, 090, 60;
1, 100, 60;
1, 110, 60;
1, 120, 60;
1, 130, 60;
1, 140, 60;
1, 150, 60;
1, 160, 60;
1, 170, 60;
1, 180, 60;
1, 000, 70;
1, 015, 70;
1, 030, 70;
1, 045, 70;
1, 060, 70;
1, 075, 70;
1, 090, 70;
1, 105, 70;
1, 120, 70;
1, 135, 70;
1, 150, 70;
1, 165, 70;
1, 180, 70;
1, 000, 80;
1, 030, 80;
1, 060, 80;
1, 090, 80;
1, 120, 80;
1, 150, 80;
1, 180, 80;
1, 000, 90].';